36889
11654
7642
2377
40720
11817
25855
21424
46772
47417
2058
61872
27589
699
5057
816
52736
40799
32451
57819
7100
19492
39856
17474
43591
25884
45635
27110
52806
48595
53527
24159
60249
61169
26537
35433
7450
52392
56857
54223
34274
58916
50559
61863
59615
55616
62679
46816
30880
29594
39099
37980
49087
13419
55454
27142
39303
35553
54253
26574
18612
42244
50733
13325
37877
11734
48759
45328
64127
40080
34015
32865
33460
19038
29192
27540
9118
26336
8820
39998
55930
47919
12442
39481
61338
2360
1088
35105
37914
55341
61679
56526
32049
46877
4316
4390
58611
53075
49718
57202
27619
18197
24531
61080
37235
53724
23084
46354
14524
31904
20816
4918
14287
33259
44400
10089
35619
45488
45194
7997
35293
41338
64524
1806
22679
3304
6196
15754
56379
55915
7421
18462
8576
31952
14006
45812
20140
37090
26630
34664
3458
47446
39583
17745
15169
18447
27834
50789
63935
7493
58786
33692
48831
57774
35498
5974
61078
41694
21728
51921
32073
29149
4848
40650
61102
18854
20926
15706
55945
47556
50371
59403
29466
24418
11613
44636
42865
39447
29889
41264
46940
23139
9420
30235
15378
44918
36209
10920
21076
57938
62842
53150
21551
2154
28264
17117
21008
49190
32824
11417
31210
17659
5285
60676
42077
16898
39776
19406
56345
4129
60670
37750
27269
4554
2449
42647
49472
38659
53567
5012
31061
50873
58162
52612
53027
20890
4194
8500
4544
37018
19917
35754
54677
25202
30895
31218
42100
5135
50624
32910
9265
45758
5124
36534
50312
7573
13645
34248
46232
1676
39260
11757
52550
31887
64370
40041
52777
3028
48541
57322
40046
2923
27540
29187
28125
58435
60405
4690
63571
45493
37600
7300
25715
42724
43834
10491
50297
57479
44739
30994
59155
18463
42751
46169
50350
41585
20675
37592
44613
3680
29378
19123
6603
56918
48310
34729
49818
43179
39419
47853
23136
11483
55153
48851
54207
33451
59342
38968
25394
38545
4426
19013
57009
47178
65183
41823
23227
20322
13879
2305
24002
43257
21428
30606
34640
4203
65335
18922
47382
39218
1239
4983
50701
56392
53834
39372
24307
47641
12804
49701
20650
17231
3178
12123
64409
2825
53947
22100
23147
2290
24405
47150
45548
45834
12220
14652
50037
12019
33574
31883
51237
34813
36866
36402
25669
25165
10238
49976
7270
23042
34141
27920
40273
37319
40044
39146
40145
28455
61247
63292
30745
20116
44906
10757
414
57126
25409
50451
3609
58983
16799
54846
28260
53665
25712
53929
13294
35950
38369
20564
58993
6974
48485
33730
44294
22993
7341
18903
51448
3052
16659
16657
23168
61566
27415
23583
53156
52824
8498
56766
46272
25297
46076
8996
13427
6253
62926
26721
42203
35759
47286
35660
42734
30235
3855
21492
53228
11196
40395
39140
14248
57054
55797
37416
53084
17676
60999
40705
4965
3962
31935
51237
29259
12475
60233
42686
18728
57623
3872
60932
27847
51158
31056
5045
15857
34911
26537
3549
46107
1396
42689
60355
58450
32950
32236
45999
50627
27699
21168
55592
31661
53103
41293
60921
42
35990
38071
18771
28078
41943
14167
55925
27565
45223
60970
43422
14599
21971
46971
60706
23367
24124
55526
16281
57075
22226
62280
42166
49925
17912
32222
16051
5479
7979
11436
5522
43969
49507
24293
6511
25915
38460
62436
53480
18147
57870
31367
32746
14305
12802
27917
37672
36927
17907
53954
28466
40133
50698
5096
24522
3075
37318
40573
8554
45297
52009
14076
23730
35981
38369
30242
61896
11293
27142
49840
29441
19477
15671
62187
33782
28474
24568
5919
65401
42475
59873
28331
17072
45035
33427
41595
48110
5209
16632
56665
50506
3106
5205
8700
39087
43575
38942
35447
54868
549
19751
18773
20026
35423
15425
53808
63897
39993
59727
63762
16933
54064
26557
34005
33564
59984
10064
16138
65193
26697
7267
50163
29803
12473
58863
3354
56048
32270
38801
45380
32819
58552
64154
52845
28439
14043
41117
26800
54036
35309
25026
5433
23837
51583
39439
57401
46031
49503
8004
45688
10664
15271
30315
40467
27744
23643
43821
18256
55913
17086
63637
23196
10103
62255
10505
38542
10762
51622
65343
64798
21395
24833
4696
45233
10881
44135
37098
56912
28102
45102
37065
38767
60374
1844
13698
22582
25487
57520
40839
15864
9070
38940
39060
19173
35659
49565
57716
46421
35652
57523
45683
57047
16820
50379
36744
27701
28978
8307
19078
57081
53409
56143
30312
48247
57987
44010
5294
17939
35994
46133
33803
45065
19537
7328
64238
55196
56893
56418
36081
27009
48405
16228
18521
65226
1072
55265
27391
30050
63572
46469
21595
51446
37076
51907
34157
29528
30382
39451
47467
840
20048
15734
45905
39585
23062
44608
29245
14420
35490
65326
41429
18360
16019
59950
18050
17091
49680
45441
47141
47716
26375
3201
33626
63451
55108
2248
27443
19954
41699
9374
20795
61748
25109
1164
35797
48171
45772
65043
62591
15727
64833
38485
34087
15316
32899
52137
32407
17043
32042
14013
64760
58417
17214
32850
56333
6786
35098
18240
26741
11262
27615
47536
7474
52724
48700
43271
35359
28937
42778
32415
44664
42076
5364
13215
57392
38263
65352
24264
55307
31858
38277
54531
24740
55491
21845
15537
62277
56944
33777
23482
2670
61392
5482
10144
48580
54183
53415
18404
17584
30658
50819
62248
7198
56183
9927
64590
28910
9743
23318
18681
41601
61595
7676
805
51550
29522
16342
48292
20930
50120
6238
23600
45976
11721
33744
29021
368
21623
47425
17952
52281
32708
14664
59479
23355
24591
58534
52265
34334
16316
5411
10399
12376
13087
11205
63926
42609
27547
46682
63539
12131
52921
21603
58108
64642
55347
21593
65010
11435
3482
17426
63716
36190
32090
57660
59545
56681
50658
46274
25479
1438
51685
35878
13814
64773
47083
12205
41846
9095
58887
39850
21226
46272
61453
13798
45378
51265
35391
44852
62700
38873
62278
60880
9527
28832
53004
3536
19977
38126
49811
45456
39565
35960
15799
53379
35197
62882
48
11508
6441
58936
51358
27668
39672
47275
41466
19515
33004
11322
64367
30168
50195
61110
25513
59723
24406
12981
63259
44384
51108
47534
24304
25137
17959
40103
12980
53156
37450
13029
64664
43891
6429
50486
6023
46101
32226
47490
80
65230
58812
64448
29863
43471
60022
55376
37658
18892
2821
35382
63276
53929
17380
22045
13530
35339
62148
26511
22960
34062
39540
22088
12418
45969
7039
18441
26534
39265
395
26615
38959
59207
25527
3286
37143
20013
58662
9265
38905
61484
